emgkyy	0	2901060	1
j70s6v	0	2970640	1
hnr912	0	893129	1
hjx6j0	0	6246372	1
cu9j19	0	10286	1
a9kxqo	0	7122639	1
fnm3ct	0	13086152	1
dqsdji	0	955202	1
8tjkya	0	2265607	1
7btlil	0	510936	1
dxf4xy	0	1575850	1
g846fo	0	624755	1
9m33o9	0	15535101	1
k3g2yh	0	4991156	1
ausdpu	0	61494	1
887pa1	0	5734074	1
c5v71v	0	250517	1
beey46	0	38712	1
f2ve2m	0	6955841	1
g6p9qu	0	1053119	1
e7o9op	0	91898	1
db7vz9	0	1223887	1
bcy0qs	0	6573250	1
clshv2	0	1458248	1
dg0mcv	0	1937310	1
f4v3wj	0	655163	1
fkykwo	0	2016609	1
ddpbnh	0	2574155	1
b14wwu	0	1492280	1
g8rbu5	0	48526305	1
6s1da1	0	1180921	1
dsyxqh	0	2985072	1
ias3vi	0	6564210	1
ckn9td	0	955746	1
g59234	0	1097824	1
b0c19u	0	6964211	1
9nqx2p	0	2495	1
c3znkg	0	193117	1
dymkwr	0	489077	1
cu99xn	0	16124886	1
fcf77c	0	1182553	1
bwwj0h	0	2824495	1
cr9c7p	0	15655188	1
ds6nvq	0	674547	1
kklokl	0	1639320	1
dgpfqi	0	1149005	1
g9tpi0	0	45597374	1
fxmcl8	0	15830154	1
bbryrh	0	2525478	1
c6tv9j	0	3048977	1
ifshw7	0	45930818	1
afb3kd	0	1042517	1
a6zaml	0	1963325	1
er9s5q	0	408954	1
iswsv8	0	193890	1
a3wg6g	0	303160	1
bs9ne3	0	14137071	1
j0cd4z	0	60390	1
hxduqa	0	163928	1
boe1mv	0	844029	1
dt347c	0	1043746	1
chj3wj	0	2670657	1
b4099b	0	2944560	1
9n599e	0	1708510	1
beeqxl	0	3258097	1
g37a4f	0	2596626	1
bkrn71	0	1310851	1
9vj126	0	10458410	1
cqg9hw	0	1564719	1
dpw781	0	9707139	1
7exwo8	0	1995904	1
grty9l	0	25441818	1
fb1ba5	0	3280795	1
i0e767	0	54027851	1
7miaqj	0	673684	1
ji2iy8	0	25101514	1
fm5o9t	0	433148	1
ik3ecg	0	56239872	1
6mc05g	0	82723142	1
jw5hf0	0	13352866	1
fzg4ew	0	1983428	1
fve3ru	0	1352872	1
ehcljo	0	5912667	1
7wjdtt	0	654085	1
kdfdyk	0	2169171	1
knwuwf	0	3124969	1
9j8wci	0	48653	1
gancrh	0	66953	1
bvpmya	0	18973689	1
iwnr30	0	2266269	1
99ju4n	0	25083870	1
dl2ukh	0	10211428	1
k748w8	0	1650913	1
8jmqmi	0	1337073	1
eok68l	0	6365788	1
fk3hrz	0	148844	1
ea9fyd	0	21543847	1
dy54kr	0	2602242	1
fk5o13	0	52923579	1
ct0vci	0	733944	1
f6c5ju	0	27431359	1
glw7y0	0	2252348	1
fmjy27	0	10583170	1
c2ia4v	0	1679786	1
ee7cbd	0	84392	1
7yt8b9	0	7250905	1
hwq80l	0	454134	1
a3gbsb	0	383788	1
ijxst2	0	9706451	1
bglsjv	0	25441287	1
92t3ce	0	15964994	1
kjycoq	0	797056	1
aw35ee	0	5774191	1
80pejz	0	1127886	1
afdhqo	0	972835	1
j2qp09	0	1369324	1
95dqff	0	8944719	1
iiw66s	0	593955	1
8he2n6	0	757157	1
96vtby	0	46003649	1
k2v8ia	0	1338339	1
k89i47	0	11379638	1
8ao6wp	0	23425	1
ctzifs	0	2183918	1
9gfz9x	0	6612418	1
d5oy5n	0	510991	1
am5z7d	0	624755	1
czppvz	0	1226843	1
icibyk	0	9933843	1
bdkzvc	0	1294535	1
ah1oz0	0	1282657	1
g2bjck	0	384380	1
gl63nv	0	8901086	1
i3v755	0	894503	1
dhtpmh	0	2118	1
9u00dw	0	153483	1
auu14t	0	3217669	1
9uw32n	0	6891961	1
9t0mg2	0	262742	1
jvmbuz	0	489077	1
90o9jc	0	891912	1
fgvf7c	0	18353	1
87pz64	0	2721510	1
aljg7k	0	19076939	1
fzzj32	0	14869677	1
azqrh1	0	674547	1
emqvmi	0	312847	1
6hnphv	0	864541	1
jtgzs1	0	2388367	1
9lrei6	0	1080667	1
gmgv3r	0	63955	1
8h3nun	0	1902756	1
dgdvdo	0	16484218	1
9i4uw1	0	3087360	1
i59krx	0	131682	1
ebxrco	0	556922	1
fxl8qy	0	647127	1
a74g0m	0	1234312	1
dj4qme	0	3538866	1
ge62v8	0	1912591	1
c4yhwa	0	1286079	1
g7nxo9	0	7319358	1
dg95rl	0	143140	1
jwt5dg	0	2572487	1
b757pt	0	2610434	1
c9eljt	0	1187640	1
9nhu4t	0	911736	1
9kxgfb	0	1296331	1
8cxg13	0	3164795	1
ec08qj	0	946417	1
82mfdv	0	40690062	1
6wg177	0	616210	1
jk4i3r	0	1178369	1
e5a1hm	0	1238293	1
j1g6p3	0	177766	1
a8hoeq	0	2214543	1
jlw8do	0	6444288	1
f32voy	0	1366506	1
78tbnp	0	1108793	1
9wruot	0	45479026	1
eu9r8x	0	339327	1
9m9m1g	0	3075795	1
e7o954	0	2389465	1
fw3ync	0	943435	1
i8kipj	0	2419610	1
hrui41	0	746493	1
dk6kr1	0	27129088	1
aheybw	0	1504838	1
c4ahu8	0	18195623	1
gs0mm5	0	25322052	1
fj5rgl	0	12478756	1
itz1j5	0	386284	1
fovw5a	0	1226650	1
ezzoyu	0	63955	1
cgmvi4	0	19077189	1
euzlo3	0	14749689	1
8enjmm	0	18645895	1
j4b0kp	0	642539	1
abfamo	0	2610019	1
9mgfsc	0	19257885	1
9txy4y	0	22008332	1
a9lknh	0	2319900	1
fjegvv	0	6330152	1
9izlfk	0	3234011	1
8pece1	0	4902269	1
h774o4	0	354694	1
eirgn0	0	3110886	1
fc4g7a	0	956300	1
ai1cc1	0	3778106	1
bqmw26	0	1002638	1
hg1u1i	0	616748	1
a12q51	0	489077	1
9hbiyw	0	492174	1
8ghv4m	0	345467	1
973zum	0	506063	1
7pe98v	0	23958871	1
86cg1v	0	175649	1
gozjye	0	43591153	1
jtqawe	0	14706405	1
bjb7ru	0	463055	1
bgxrjw	0	682972	1
ahslk5	0	517810	1
ax0eex	0	18920365	1
e9knmc	0	2678155	1
ca4438	0	114330	1
fqrva0	0	4998084	1
ftyrkq	0	1187640	1
ag607x	0	1384641	1
8ever9	0	757769	1
blx435	0	532533	1
dmcv9e	0	231922	1
brbs6r	0	885916	1
f4tosw	0	172734	1
fww8xu	0	6829462	1
g1vuih	0	15338406	1
g6opng	0	42913516	1
akekpg	0	1658811	1
co5sa2	0	945614	1
6pirkj	0	3656764	1
6vwfca	0	3981653	1
fext9d	0	919891	1
g1tcxk	0	14811000	1
eqpblo	0	10547538	1
6oecx5	0	24372	1
kewknv	0	5173515	1
aisjg3	0	2063256	1
dd17xl	0	3257851	1
7irl0c	0	136984	1
fpp751	0	10280032	1
9y3qik	0	1715920	1
dd2x61	0	2652719	1
fmb6hi	0	25755280	1
98i64q	0	1601912	1
j4usac	0	3004915	1
9wtwsf	0	1149808	1
9hm1zf	0	2876867	1
bm8id3	0	2158029	1
eq8wfc	0	2670657	1
cfs75u	0	188592	1
a71rgn	0	895405	1
fzcvo3	0	2893212	1
igzptt	0	3017563	1
8fiql5	0	3284714	1
6wtcp0	0	1648247	1
ek7m9m	0	45572184	1
hnwkpm	0	262531	1
6yoq4g	0	1572733	1
fes05j	0	15876972	1
jamdfu	0	244447	1
k0tad7	0	3406146	1
drv3xn	0	3217669	1
96kdom	0	1623228	1
bmdm9r	0	1347107	1
jdpbgz	0	1282066	1
7rceo4	0	2955974	1
dc4kdy	0	2256869	1
ga3or7	0	73277	1
ig2wn7	0	2802544	1
9pg75s	0	3004915	1
da8wxw	0	810263	1
kaf6sp	0	164744	1
amxy23	0	18111366	1
6q28oo	0	1231919	1
9ddow9	0	681440	1
ceyp5s	0	1453178	1
bycnvt	0	2214036	1
jzcc6c	0	21541906	1
e1o2gd	0	295564	1
do1k2n	0	3589526	1
fwv7qw	0	1851668	1
8sr4qj	0	1279228	1
fa5k28	0	5083472	1
jph78k	0	2378392	1
g14o6s	0	3013502	1
b0fdcq	0	2573057	1
a62x9p	0	427661	1
geqctl	0	1019844	1
gg85h0	0	3094323	1
fb9pyy	0	1051362	1
8v5iiz	0	496540	1
gvipmp	0	255851	1
dojvjr	0	44854000	1
i6cty4	0	2096143	1
b73kyk	0	632828	1
alfa11	0	2942212	1
jf6i1s	0	25441805	1
8awnxg	0	277308	1
a77z42	0	2095752	1
ik6waa	0	2569250	1
fiqpmv	0	1289410	1
74qnop	0	2745	1
bk8zzp	0	6551250	1
gpxhfu	0	2553089	1
7etps8	0	6154796	1
fv1z0o	0	6608018	1
bje8fq	0	2670213	1
8slz92	0	14955231	1
g0dztt	0	21861446	1
jd9z8c	0	1014713	1
bxitm4	0	409522	1
amw1xs	0	3264295	1
a756sf	0	21902375	1
amnosq	0	15535101	1
g5ve2k	0	1851668	1
k3jbfl	0	893129	1
gj7s7n	0	14836594	1
898m5i	0	2127903	1
gqy5vh	0	3234036	1
dwtc4u	0	910730	1
fmffsl	0	43458113	1
km8jri	0	1949821	1
cdits0	0	1193402	1
gemveq	0	982593	1
ckrbvl	0	174503	1
6bjbzd	0	2347064	1
djogcb	0	839109	1
ikfab0	0	1585904	1
aht39u	0	1764547	1
fwdgps	0	6444288	1
eoh45i	0	1179491	1
6zq7zn	0	631377	1
bsity0	0	1345993	1
ahff1e	0	2070709	1
j77no7	0	7606081	1
d1hsho	0	2046542	1
bjpv43	0	909090	1
7vosqp	0	555108	1
d20ehy	0	6564215	1
fodj41	0	1577688	1
di9vv1	0	3159808	1
d29h3o	0	15876972	1
8awkui	0	15926614	1
af0yc9	0	10576999	1
fu3w7i	0	1174365	1
cklv1y	0	12926260	1
8w543p	0	1726370	1
fbhd7x	0	170677	1
btu2js	0	3805	1
exivj4	0	3204877	1
f7g81d	0	51577226	1
9mlhnr	0	593955	1
ca2zrc	0	116907	1
dqwd48	0	170285	1
gni0xi	0	3232591	1
bs7u6n	0	566834	1
gcvllm	0	917148	1
99khnp	0	2337204	1
8czpub	0	190107	1
9ynzls	0	1317812	1
7mjy43	0	1385132	1
6fg048	0	230655	1
ak266w	0	15966434	1
dft0x8	0	24175975	1
bnsk06	0	1163669	1
ebzev1	0	1319813	1
bztang	0	675692	1
81vqpv	0	1995904	1
8sb40j	0	900984	1
hbtejb	0	244447	1
ft144i	0	14899968	1
g2r2p2	0	49286498	1
ftbl4d	0	279370	1
cv107i	0	925083	1
ati6ur	0	2070709	1
hjiirc	0	24244540	1
7jyiv7	0	1596396	1
hr9nhh	0	44692398	1
gvv5kl	0	854015	1
fr4h27	0	6473924	1
jg7vc5	0	487284	1
8dochw	0	80497	1
hu027l	0	2155900	1
8wwfo7	0	492957	1
fp0h33	0	1072578	1
e793vn	0	2145032	1
9bqynp	0	255851	1
d2jrfi	0	1344469	1
ev2xr6	0	2919537	1
jiyy4z	0	232646	1
9yokb9	0	4950954	1
7xnpap	0	1074033	1
fc3930	0	14300776	1
j3i2be	0	2481693	1
befc9f	0	1964975	1
7zl3k0	0	161332	1
b7itgq	0	21525110	1
jam3su	0	41450526	1
ew8xja	0	46768863	1
8uwgvn	0	1853196	1
9nz5xf	0	869986	1
gye3q4	0	638669	1
g7ybe1	0	925083	1
in5j69	0	1334778	1
km1gvt	0	18713241	1
aa6z5c	0	894503	1
jn02f0	0	198297	1
7xp2te	0	1775449	1
d8flia	0	1212107	1
9195p3	0	6600477	1
ds4izn	0	1886015	1
bx580a	0	990114	1
g2nled	0	15454046	1
eawp8t	0	2235962	1
7g6x53	0	4763873	1
dywkxr	0	632674	1
dn6nkq	0	1726297	1
8pyqmm	0	1586216	1
jmqv61	0	323310	1
jtgeno	0	1937310	1
a36dml	0	962605	1
flzkz8	0	414659	1
aj6h7b	0	3646120	1
biwh4a	0	286866	1
eo9m6j	0	2148387	1
fgdncf	0	404886	1
c01ddm	0	1247072	1
b03y00	0	2527702	1
fx8qby	0	2158029	1
990e0r	0	1739185	1
fall3l	0	21861424	1
im0xgc	0	19227594	1
6m7xwi	0	3348719	1
cxne75	0	25441287	1
jhfhc2	0	822151	1
fsr7bj	0	25974633	1
859l7v	0	126861	1
7wytnw	0	1601915	1
9kufh6	0	358453	1
jxkhba	0	170583	1
7gvepd	0	6753944	1
8q2ank	0	523757	1
cdfwqu	0	1965809	1
aj1jc4	0	1505052	1
d89j50	0	517479	1
efo71r	0	4044194	1
jhb03i	0	21695676	1
gmdypi	0	1575366	1
ac0x4n	0	596849	1
8oux2c	0	399651	1
fin5oq	0	2968997	1
apo9fl	0	2596626	1
9865px	0	1148028	1
ep9fce	0	1973511	1
ai2e5i	0	748596	1
e0ldwr	0	4465176	1
ip93ng	0	14867157	1
9r3agz	0	15535689	1
fx8ebe	0	13155860	1
bq2v9d	0	19035562	1
jy0uky	0	6600477	1
bijp6w	0	2975746	1
edlb39	0	3021353	1
cx87s1	0	990033	1
8qtm73	0	46171226	1
dt5blr	0	696028	1
9hb233	0	1361713	1
dgaelw	0	7298830	1
7vaeav	0	15133276	1
ars7nf	0	14568028	1
fzv0k4	0	499516	1
9lawll	0	595217	1
fjvi8q	0	269883	1
bh2tua	0	2287545	1
eocid2	0	1109541	1
bsnp7m	0	701831	1
6ug3ol	0	7352975	1
exga9z	0	560222	1
k069hs	0	18146939	1
k198uz	0	17128269	1
fah7ze	0	323310	1
fzxahx	0	14692536	1
b5ta70	0	753158	1
jq25rc	0	2256869	1
e6mshw	0	881499	1
9v4z1v	0	2019821	1
8cyfhb	0	271307	1
i40fbm	0	1565367	1
aa93nu	0	1004338	1
hcfdhm	0	909062	1
fk58nl	0	2420412	1
behag4	0	553408	1
dco1h3	0	1541562	1
bjk6yf	0	24526765	1
g2wzhz	0	2299453	1
9a430l	0	496026	1
fl26wn	0	22203	1
g3dctz	0	2373129	1
8uafxk	0	956883	1
e11q76	0	62173	1
7a9lym	0	13512158	1
eessdn	0	42911350	1
cznnzt	0	288095	1
cug0j5	0	1219361	1
ccgvbo	0	1083086	1
ijggy8	0	299651	1
7zq9jo	0	1126007	1
dl0ei4	0	212439	1
djr22q	0	593724	1
ge34jb	0	2519046	1
a4dqwx	0	865511	1
c9g7sv	0	3190760	1
dn0myr	0	19257831	1
c4gyvd	0	1124889	1
eh30dr	0	3234179	1
arywlp	0	1565367	1
dhjx88	0	42003341	1
gpjsbm	0	888455	1
j60ag6	0	443161	1
6eshhv	0	1033180	1
ggvfxx	0	17259372	1
dqmf3f	0	15467617	1
basqpy	0	861463	1
jxeqdj	0	1122184	1
jhizkb	0	10717823	1
hbj0n9	0	2543255	1
gn6s4c	0	4846617	1
d6xacw	0	2224779	1
8xwp2j	0	3211635	1
96v9yq	0	17460235	1
a96gjx	0	1194700	1
8wqcra	0	1013228	1
cbdc2n	0	8275110	1
ccg994	0	45584347	1
b41s85	0	19101112	1
jsenbq	0	6564215	1
ge3qop	0	2670213	1
bohvyv	0	25755280	1
inwonw	0	6645754	1
fxr5ct	0	6453798	1
cl1pll	0	98549	1
d9cjwl	0	2034069	1
cdou9n	0	1912623	1
6a1b60	0	1513995	1
fvllvj	0	359311	1
a58d6z	0	593955	1
9hruur	0	242596	1
f86o55	0	893129	1
8yetq3	0	293521	1
g4qt1o	0	984233	1
f0as9q	0	80497	1
hu1aw4	0	861526	1
fu0jlu	0	1214896	1
k94s8s	0	96133	1
9bomiy	0	999523	1
iq1iha	0	3320210	1
esofzr	0	955346	1
abumu9	0	1149808	1
firshj	0	13478775	1
bdua30	0	1663548	1
8kg19s	0	11045062	1
iagbdv	0	6772339	1
ahhh8f	0	12615171	1
cyqdcz	0	2297452	1
b18vj7	0	496151	1
fnxgpj	0	26946007	1
ci65df	0	779986	1
685vbl	0	1704295	1
8yroyf	0	1575583	1
8wndiw	0	22008332	1
9lrlvj	0	1311039	1
7daseq	0	62234	1
e53qgc	0	14345792	1
7hf2bb	0	909090	1
g3jvl6	0	212043	1
cl5ii7	0	40851119	1
dcp8qj	0	43591153	1
gaqefg	0	2118	1
7fqxjf	0	17371834	1
g0zhul	0	498889	1
eh3cjm	0	2427443	1
jnegs9	0	96232	1
dfd3cg	0	481671	1
bb285v	0	2669456	1
g7sbps	0	3370354	1
dj8sjl	0	2068054	1
adfbl9	0	2788104	1
fqycp0	0	3214275	1
fn608k	0	276717	1
cqw6j3	0	14345134	1
dtppcq	0	1118624	1
a9go3g	0	21463083	1
75mvli	0	497413	1
f654wc	0	1058229	1
k2nn1c	0	836000	1
ergqqf	0	6888509	1
ecnwo5	0	15972972	1
edvycn	0	1546515	1
a8g7ni	0	990114	1
feap8z	0	1475463	1
imq1q8	0	25204345	1
a0r032	0	559513	1
e9omsz	0	335924	1
j0banl	0	57516017	1
eeaqs7	0	3327434	1
by1lrp	0	583695	1
6x4m51	0	359425	1
6u56iz	0	14344137	1
g8mni1	0	25819	1
aqfuj9	0	337929	1
br0dw6	0	409497	1
djwhsn	0	15809029	1
dkef3v	0	1391510	1
a1klum	0	84392	1
glemof	0	2256869	1
easl0l	0	1688600	1
c526c8	0	6861986	1
dxcypt	0	7335119	1
85n1r2	0	938263	1
ga0n57	0	6627072	1
bwdp03	0	3391338	1
a9rzw0	0	1311583	1
9b4dk6	0	2745	1
a7tu44	0	930587	1
h9q97m	0	25257677	1
apyw7k	0	929649	1
844rpu	0	529888	1
aa0h2t	0	558796	1
cqsphp	0	2688784	1
adcypc	0	7335119	1
a5tzem	0	2237764	1
8wx09y	0	485858	1
iwqf8c	0	4604777	1
auliyk	0	514004	1
6tdptp	0	2561472	1
bpglf4	0	42294915	1
ass94n	0	1252682	1
864zo1	0	6596109	1
g683ox	0	47371	1
d04f5s	0	23958895	1
7ueoex	0	1475463	1
jugp4i	0	6733294	1
c2rxfu	0	17259372	1
kkqvme	0	20867244	1
8ikab7	0	3332231	1
a35imz	0	25331231	1
j5m9m8	0	25331231	1
hh90d2	0	2141005	1
ipidwe	0	144998	1
fne227	0	1106116	1
f35xhu	0	2227212	1
6dhx6r	0	844798	1
g5ricb	0	869700	1
brg5w3	0	2344153	1
9blrv6	0	13233048	1
a7v9mc	0	2046558	1
fkw60l	0	1873937	1
ayxvcm	0	636261	1
74liin	0	1237212	1
fv2ujd	0	1853722	1
f6m088	0	49456196	1
dzo6gs	0	6417323	1
8lmw2l	0	40775594	1
isnjd0	0	3247108	1
cbxrk5	0	277308	1
fqi3ow	0	2635227	1
blmdsn	0	662980	1
c2c8n8	0	2166044	1
axrul2	0	6564215	1
9m28hr	0	2548169	1
cjs8sp	0	941491	1
i2i3dg	0	37127	1
ikp8v6	0	354703	1
9rkyu4	0	2210482	1
71ab44	0	25696480	1
cqq6cx	0	2361686	1
6jala1	0	2984942	1
crehxm	0	44783613	1
bq09wr	0	2070709	1
ivtx6y	0	1912623	1
9b6i2d	0	6528619	1
8bzzxt	0	46977	1
cm6tfz	0	12492437	1
g71ygl	0	1191173	1
atikw4	0	12873035	1
hvrcgh	0	3032862	1
e90xfg	0	343535	1
8wpsx5	0	2134874	1
86ld31	0	2105949	1
bjzso1	0	234218	1
ixabcq	0	44560922	1
ki8ggj	0	3414354	1
f4rbxv	0	2569251	1
b20vmh	0	23585161	1
ghab6k	0	6240329	1
i6bncz	0	2440692	1
kdo3mb	0	1475463	1
9yfvtm	0	6937598	1
jlbw83	0	18447240	1
8p0g8b	0	6891961	1
gr1mld	0	1508238	1
8b0h9u	0	255851	1
c8hnfc	0	46833196	1
ab0atc	0	3234179	1
9i68yf	0	669894	1
ckbqj1	0	3312237	1
k3qtln	0	45838500	1
acarn9	0	2079400	1
cp7hbe	0	893129	1
kmapri	0	55019335	1
ehpzd0	0	1642451	1
aqqkg9	0	170477	1
ju78xs	0	5694868	1
9o88on	0	498900	1
bma5y5	0	7413764	1
c633zs	0	1575652	1
g4e629	0	105446	1
ip5eb7	0	6155858	1
eul2qo	0	1140072	1
fg5thn	0	2504	1
g8fa9f	0	939584	1
6n33tl	0	2801932	1
it2jwv	0	1282066	1
ij4hd8	0	826135	1
8tbd5w	0	1011507	1
cezy4z	0	44442720	1
acqwez	0	522782	1
gbzstk	0	1219361	1
gwko3d	0	2943754	1
ebadjy	0	209942	1
knk6qx	0	24813023	1
he7p8j	0	624755	1
hftuan	0	1948543	1
9mln1p	0	1219361	1
c8wlpn	0	611120	1
f91iy2	0	6288490	1
9eplkb	0	7288683	1
g6hc7z	0	15114912	1
a7reh1	0	675854	1
6i8swv	0	2527823	1
dp0tyh	0	25095603	1
bah0m4	0	25191083	1
b2cvnb	0	1183033	1
fc9wsg	0	982675	1
d2zthw	0	1083086	1
d1sx5z	0	1244772	1
e5lon4	0	1517706	1
f93wop	0	2219026	1
ilzkvf	0	50886065	1
hyckft	0	61536492	1
c6arbs	0	273481	1
f6vgyq	0	2778762	1
95pw0x	0	3199878	1
a9r3mn	0	1404635	1
drslh5	0	191662	1
f7vxpk	0	755039	1
at1ktk	0	21856162	1
baovjp	0	560222	1
jrz49f	0	17882885	1
96vfnq	0	7400809	1
779ctp	0	7060858	1
kheeuc	0	21764235	1
jdr2wp	0	6530476	1
d25pt0	0	25665	1
ekklin	0	1269908	1
8jysfl	0	18713241	1
dyh7hq	0	2711215	1
b2p4mq	0	2034069	1
fc87gk	0	7122639	1
giospk	0	2138325	1
aaiov5	0	11337172	1
if1pic	0	529770	1
fs83ud	0	10823062	1
jy15v7	0	6573250	1
bxf6q1	0	985051	1
fnknyg	0	283044	1
8veric	0	803968	1
fori9k	0	959086	1
dbpi6m	0	37127	1
cxpqiq	0	255851	1
ju9en7	0	2736	1
c6ejsk	0	46735	1
8yk3ed	0	1384549	1
gf57x8	0	1851668	1
9pxnqs	0	1846097	1
afq2qo	0	692126	1
7xe1xq	0	14794535	1
bz6nrh	0	3169888	1
iwlwu8	0	1546535	1
6k68gv	0	2716406	1
7i4fk5	0	5260866	1
9eqnry	0	3004915	1
cz87c8	0	496151	1
glv9no	0	15609857	1
6kwomu	0	2207008	1
9tju9a	0	2525478	1
bltyxd	0	1492070	1
hwysb7	0	2122232	1
927jzl	0	881499	1
ffuf8x	0	2294776	1
821sof	0	117258	1
jqnlkj	0	1813298	1
jvn9lt	0	25947114	1
ajkaru	0	1460966	1
90w2lc	0	535124	1
glm7d8	0	6627072	1
8kwbtk	0	19082966	1
g0eeyg	0	412768	1
hcwc09	0	2786643	1
abqqnp	0	96133	1
ebiaf3	0	2165221	1
cnlj9i	0	926090	1
j8ejzv	0	12492437	1
bydeyn	0	1010687	1
bxr6ys	0	6891961	1
gw53wy	0	803968	1
btypy3	0	1258149	1
kf4oxd	0	4085904	1
feqt4e	0	215291	1
c2j1qi	0	1021002	1
edsehh	0	1984753	1
k1jyhj	0	225621	1
c5flth	0	948815	1
ab3d3d	0	3069671	1
gecopy	0	15809029	1
igg3zf	0	6104018	1
j1hot4	0	874955	1
cv1k71	0	277209	1
bu3jc0	0	1157754	1
dg1t58	0	470743	1
hhwfjw	0	855718	1
6qy5c8	0	762924	1
b8ti4x	0	1596948	1
dxgcf9	0	19074138	1
iborpy	0	20268301	1
ee14ib	0	26366052	1
a2ychz	0	713969	1
b3884k	0	13680098	1
drpiyq	0	21861443	1
dlzmqq	0	990114	1
fx218v	0	14981842	1
f5fh5q	0	1019479	1
kbjgav	0	632885	1
98zest	0	2364435	1
djef73	0	2145032	1
eoie5l	0	40370462	1
8x4j5i	0	6501369	1
dkdhsb	0	117258	1
hsph6h	0	133088	1
jgbrku	0	56363989	1
ac6vrt	0	18714268	1
j8w7yw	0	1345991	1
b8m4y0	0	135197	1
jnntua	0	1266827	1
dp8mns	0	1951587	1
7qjlaf	0	2105268	1
isjvbe	0	3876782	1
fzqczq	0	881499	1
ge4idh	0	2154883	1
e6e9fv	0	2887246	1
bs6bo7	0	575241	1
drstgm	0	49179220	1
8z0dhb	0	2082942	1
bwj3dg	0	361848	1
h960w7	0	54546981	1
cd8gt3	0	893129	1
gsklcn	0	275457	1
ch02ql	0	1907948	1
fu48j5	0	117258	1
eofjo6	0	7086853	1
95pozg	0	769220	1
br02ns	0	64089	1
g6ms8l	0	82979	1
9fi9w0	0	3102341	1
acanzm	0	2122284	1
awxfqc	0	2145032	1
hfa417	0	84392	1
e52ybz	0	701150	1
8sxbek	0	17894351	1
fnkxoq	0	2124180	1
dt84am	0	311561	1
deixqa	0	3284714	1
7oa28t	0	439783	1
dedp6b	0	25142321	1
5r2mow	0	1074489	1
jlw255	0	2408814	1
abkoq8	0	396815	1
fhli4u	0	4950954	1
946cyn	0	4044194	1
97gfxy	0	49878	1
irtpa7	0	1446663	1
8kkqky	0	3032862	1
9am91u	0	13380643	1
f5ydsm	0	40843956	1
bwy20q	0	6854299	1
9nfa5z	0	2978721	1
8mxy3t	0	3365	1
hnvw23	0	144141	1
errzl8	0	810263	1
8fw209	0	2168232	1
k3iufg	0	784483	1
c66nnh	0	2019842	1
cmko04	0	53474315	1
idqdg4	0	14739303	1
c34cdo	0	874137	1
iiaes5	0	13479034	1
bzszrt	0	117258	1
ah7642	0	1149808	1
9j7rzp	0	23457075	1
8nkn8c	0	1934354	1
dre6ac	0	1851668	1
bac3uo	0	527659	1
dkr2zf	0	1210896	1
8gwe3r	0	427937	1
9igy8e	0	1154839	1
hxgv16	0	123360	1
kg0egf	0	908946	1
eyxzno	0	1711246	1
8xhvz6	0	2885502	1
gsyn2t	0	404886	1
brhp79	0	999507	1
ea7t1l	0	391242	1
9lksi5	0	557738	1
k4rt3q	0	14688339	1
e0n796	0	40076357	1
izhgvd	0	345975	1
az2msw	0	3996055	1
gds21y	0	1920387	1
ihhy8q	0	3340063	1
968t7w	0	2769827	1
epsgg6	0	40902521	1
gwc3ue	0	382708	1
jqlrpq	0	462654	1
a6yjc8	0	15830154	1
i1nf8x	0	3183855	1
98mfit	0	441172	1
7zgg6p	0	1882032	1
fn7xau	0	645479	1
7w74g0	0	2034069	1
il52l7	0	1616497	1
h0ogs8	0	59503722	1
ink60c	0	1653485	1
berd4g	0	84392	1
80p1kj	0	1008784	1
ahupj3	0	14435417	1
7q5s3c	0	4902269	1
7s8ksa	0	2453747	1
gli3rn	0	449082	1
8n130a	0	1605093	1
ahq581	0	2054426	1
9z3uo3	0	1577688	1
d7nxgt	0	1231833	1
epovs7	0	2337160	1
g7ofiv	0	486250	1
99tomw	0	244447	1
8b3gst	0	21800322	1
adooqk	0	822151	1
9vb00h	0	3275206	1
jwcsva	0	2181158	1
fn6f1a	0	2033886	1
a1cxmb	0	21541906	1
bjker1	0	15750616	1
atpqcx	0	7849809	1
jrfgmh	0	1042517	1
7n206t	0	3007310	1
a5poat	0	3034164	1
aip9ig	0	159769	1
937s6l	0	653027	1
baclty	0	2864927	1
e1z0e4	0	6561348	1
fit56j	0	713235	1
ewodx2	0	1775905	1
coma7o	0	1773385	1
cmuck5	0	2265697	1
f05lu2	0	49189920	1
fh1nax	0	2941859	1
ay93uc	0	2944560	1
6a3mn3	0	1178112	1
j7ewsm	0	737630	1
8qvvkg	0	1565198	1
dtkdyk	0	2268159	1
iijskk	0	27679582	1
eqjrvc	0	2219026	1
jewi8o	0	6526341	1
cyrvby	0	1630997	1
aascx1	0	1948543	1
anya9y	0	14465399	1
cpync5	0	360268	1
ea5iwy	0	2841471	1
9u15o0	0	10549296	1
fghups	0	2347064	1
84dsrk	0	1490337	1
fz8tuy	0	2832463	1
kg2elq	0	2674739	1
g0eqca	0	25223481	1
f1c77w	0	1695662	1
k16908	0	75213222	1
fvyvpj	0	1348704	1
gtrtx7	0	255562	1
d2w9ii	0	45630747	1
grwmcv	0	481729	1
bgcbx7	0	2019821	1
8no06h	0	70190	1
jguevl	0	542397	1
bnf47y	0	49484612	1
7capno	0	3084097	1
edea4z	0	15285765	1
7eqsdl	0	6608018	1
kl93ap	0	24775619	1
g2fysi	0	4156003	1
djiak7	0	2887072	1
f91bll	0	262029	1
cr94is	0	888455	1
e66yem	0	3022596	1
ayl2tl	0	56402016	1
6xar3p	0	2960718	1
fiu4r6	0	632885	1
k0m7pq	0	4902269	1
9xrl1l	0	1168289	1
j3ck2u	0	15185747	1
kfd126	0	171369	1
gchqzt	0	1240751	1
fuov6g	0	4841114	1
9h2yoy	0	2919250	1
b4shd7	0	2158029	1
g4jj88	0	5108099	1
es8gw1	0	674547	1
dg593m	0	6330152	1
hpwp59	0	2682420	1
b1yyoq	0	1145552	1
bedfdk	0	1602030	1
jh9zhr	0	2119905	1
fsq47l	0	1042517	1
ds9d3h	0	7366929	1
7p53ht	0	2347064	1
hqv3km	0	13733164	1
dsp5qm	0	1033162	1
aulfot	0	2451299	1
bgsgtm	0	44573249	1
fcqwik	0	647127	1
dt38gy	0	2527702	1
fbnuab	0	1222244	1
aw5fan	0	1679786	1
bvdd4g	0	135197	1
bshs7b	0	51320016	1
gcj6lj	0	969436	1
j7zx2o	0	514445	1
fi05qz	0	1032253	1
gk4d1t	0	634622	1
7vlg22	0	596849	1
b04c70	0	2965139	1
em2b1h	0	43103080	1
6fip9c	0	19082966	1
dgkgom	0	6564263	1
ea9m1d	0	2303899	1
c8fmx2	0	1219230	1
cgmoxm	0	77891	1
k3az7u	0	1352872	1
fqxik9	0	2288046	1
6m1bt6	0	1057	1
cvyq2h	0	1286367	1
k2qpp7	0	1319396	1
djx3fp	0	10251398	1
dz84ci	0	1231919	1
ahe0u8	0	12803237	1
iswjeg	0	1142795	1
h8ha0v	0	636261	1
dhnt69	0	2688784	1
em9rdn	0	42247022	1
a0omyr	0	172962	1
8ekal1	0	6861257	1
a9dki3	0	2106576	1
a62pcb	0	1785549	1
km2mwn	0	218134	1
az2hes	0	54935	1
fu1r4s	0	25892261	1
ilk8g7	0	117258	1
6sd0u0	0	5173515	1
aj31xe	0	3062843	1
exc6xg	0	1296889	1
adodei	0	2938822	1
ie9g8a	0	532180	1
by0k3x	0	13334251	1
bsbijo	0	2784815	1
fy0tpn	0	1475463	1
jz217k	0	1338339	1
edkl8i	0	1025946	1
drqavn	0	1210896	1
keviqy	0	15876972	1
ax2nbm	0	16695959	1
ccrvqf	0	2954521	1
b2a23b	0	2525478	1
kn3v4a	0	264058	1
fobqzq	0	2439206	1
a4mc55	0	2085853	1
73g7oo	0	2337160	1
imonxm	0	2085455	1
btw38t	0	364645	1
jflos9	0	47855559	1
i6wmw7	0	247074	1
7q2umo	0	825414	1
b940fr	0	255851	1
91zik4	0	372411	1
60kcym	0	1205854	1
bytbyw	0	7803274	1
ganmht	0	3107301	1
gbx5x0	0	2721510	1
bt3d4u	0	3016959	1
9ujrk3	0	25755280	1
7z5opv	0	139183	1
7vbd3k	0	2530232	1
9pguf7	0	249492	1
e4urk8	0	2868409	1
d4pjc8	0	622728	1
kkausf	0	69928	1
cvz1mz	0	2678679	1
gg99vj	0	174503	1
ffpcd6	0	3976688	1
f8qd1w	0	10549296	1
gjd2ur	0	8944726	1
faoafe	0	1433943	1
iydh4o	0	31970	1
91nrii	0	6893518	1
9nnmsn	0	2854698	1
fbv8mv	0	153298	1
evyroc	0	80002	1
biy0fr	0	587977	1
fst1kk	0	496151	1
eu72de	0	1620837	1
750cca	0	1432019	1
kjhwi3	0	15016034	1
b9hjpw	0	895879	1
e5tk88	0	54917	1
6qyueo	0	26330735	1
fpl37m	0	17844849	1
fe5rmy	0	15738749	1
eljrqv	0	1465550	1
7fi5tf	0	35441994	1
jpca6o	0	669023	1
c64a5j	0	1041217	1
fqoa9s	0	1605901	1
ekml9g	0	6589384	1
cb19e1	0	286432	1
ad9chs	0	2359336	1
h7usf8	0	25035204	1
6at5a5	0	2016609	1
gp432k	0	131247	1
g8478d	0	960231	1
8qp6di	0	2375046	1
9lucbc	0	2421222	1
dibwsh	0	3007159	1
apqjsb	0	76364	1
6icagr	0	800320	1
az2spp	0	2581034	1
bzzen8	0	266949	1
8a44wb	0	3340063	1
gpjz3n	0	1133100	1
d8wf2n	0	164744	1
91l2v4	0	3155307	1
a9wva0	0	20611885	1
cqv7na	0	45584351	1
flwdp8	0	692126	1
956yys	0	2079174	1
7oyyev	0	981321	1
gl4tiz	0	1193402	1
cvdryh	0	14644167	1
gmm4b4	0	2063424	1
c35uhb	0	1799921	1
cnuvj1	0	1407234	1
7r5w4t	0	10281706	1
f11a7q	0	6528619	1
epwa6a	0	800720	1
c9i1vg	0	25521	1
fnbwl9	0	1678225	1
go6guu	0	1361250	1
fnde6u	0	358453	1
ilmtha	0	221215	1
jrrgi8	0	812304	1
h9oltn	0	1194700	1
evgrue	0	674547	1
jpmn1m	0	888455	1
g4msh6	0	1137630	1
e1pd61	0	3289851	1
fh4liy	0	3315797	1
g262qd	0	41443759	1
ivkjti	0	479198	1
bxxn6m	0	725239	1
iw7zgy	0	1097824	1
9670tt	0	6857061	1
glrtre	0	939584	1
khj420	0	1569306	1
9bxek1	0	535113	1
emb60h	0	14459291	1
ew6ysz	0	735001	1
8ftu74	0	15093785	1
f0o9ma	0	13170426	1
bxqrz9	0	6585481	1
i4h8uu	0	2285721	1
8y4aqc	0	12748	1
k8tiu4	0	1384549	1
kaxbk1	0	288659	1
c3a75d	0	6820940	1
aoyq8b	0	409919	1
bxpu6e	0	893129	1
99t70n	0	833565	1
aa98pc	0	619293	1
gfwwja	0	57268222	1
c5j21w	0	1509685	1
g1y363	0	1655950	1
fbscp6	0	2228667	1
bfkwgt	0	794977	1
ck41yh	0	14276982	1
fkb85y	0	6608018	1
cbwkwc	0	924803	1
f8f453	0	19034561	1
ggqj9s	0	860262	1
7jvgva	0	562249	1
bqol7p	0	2287545	1
g72452	0	6581337	1
cadu6j	0	1330459	1
9742ud	0	2393843	1
c9pu9h	0	568550	1
at6705	0	1264290	1
bhib4x	0	41189	1
e53emd	0	2129865	1
c5ukkq	0	828259	1
dkdqf8	0	171641	1
hiyto1	0	26946007	1
7ns8a5	0	155658	1
hfc9op	0	1424221	1
g93ahz	0	8075007	1
g1e0xv	0	674547	1
inei22	0	411022	1
f6xlrn	0	45680898	1
dwss10	0	934872	1
hct2pv	0	1182296	1
aydnn4	0	1334624	1
e5zr0u	0	1407590	1
boby9s	0	842981	1
jryokz	0	22382606	1
69a4n2	0	342526	1
g1nvqz	0	2419008	1
f6ekxg	0	2958830	1
b3ud31	0	10458410	1
ai73rp	0	12869990	1
fagmcd	0	579381	1
7kc3y4	0	2955974	1
bk3902	0	6049396	1
917z1f	0	3205888	1
f6bsxd	0	1429753	1
dtvge8	0	23504841	1
dsykwp	0	4902269	1
k4bja0	0	25386935	1
6a2ys4	0	2440431	1
g8v78h	0	1560475	1
8a5j4w	0	17212649	1
eta80f	0	5701963	1
dduu88	0	604600	1
ez72n8	0	3722070	1
khcs1h	0	3031120	1
bn2149	0	2945008	1
a5njf9	0	2736	1
af2wkw	0	43591153	1
82869s	0	255063	1
ieaq0p	0	41392055	1
8qy55r	0	21520599	1
bzyqet	0	19139930	1
jarqi3	0	1167530	1
gim7mt	0	377006	1
cz4n63	0	2868727	1
a99t76	0	358453	1
7rbc94	0	2182367	1
9kjzpr	0	2013718	1
bvo6zq	0	117258	1
ewu4j1	0	904527	1
9viazd	0	528702	1
js0xp2	0	675854	1
hvj0nl	0	1197762	1
a9ii2z	0	315857	1
dh2o2o	0	39376	1
9e98t2	0	893129	1
abojju	0	18082393	1
jiropy	0	15834221	1
ex1nzd	0	193109	1
j2up5k	0	42247022	1
bh1jp2	0	1065795	1
ca6g1j	0	3120291	1
dn5di1	0	2219026	1
ilrksc	0	26585213	1
ap9rve	0	2334578	1
im9bax	0	25331231	1
7obltu	0	930555	1
idtwd8	0	16500764	1
k08gbo	0	1934351	1
9kutn6	0	626955	1
bdanqt	0	2385813	1
ahqto4	0	2054929	1
e12j09	0	881499	1
8tej9t	0	255923	1
763bky	0	90923	1
g7tpx9	0	1516948	1
kegbea	0	15483434	1
7lgfmq	0	2437828	1
elfamt	0	1441775	1
f1edus	0	1716034	1
gapcsj	0	1024629	1
ice24v	0	910927	1
g452o0	0	6985343	1
az5uuy	0	57517765	1
e0i19j	0	3204877	1
ff3ywk	0	949440	1
8lmgh2	0	1362076	1
fggf42	0	3004262	1
ge9yr6	0	24974	1
bu5gl6	0	17525611	1
fv4grz	0	153421	1
e1jcla	0	909062	1
i1nkxn	0	1678487	1
g6mund	0	2056484	1
fvqt39	0	18522413	1
9alq5y	0	47519	1
92y8m1	0	267028	1
fht4wh	0	14037039	1
k5g7vk	0	1008825	1
cyxkio	0	1025182	1
bt5lyq	0	755717	1
b9g6is	0	2158029	1
fbp6zz	0	948387	1
91wkdr	0	6530623	1
e6b9t0	0	969436	1
8zu245	0	2527229	1
g4og4u	0	209159	1
69x3du	0	6753881	1
brutmb	0	2905650	1
7wf8cg	0	1880971	1
8jwqc9	0	62734	1
forz32	0	209458	1
gtrl8b	0	1939833	1
8jmobv	0	75493514	1
bk4d7x	0	18972016	1
7ncogi	0	1920798	1
8z5jr8	0	56630970	1
any9vl	0	21366065	1
fwelgm	0	45067889	1
hzqod6	0	18945785	1
a9vo9e	0	2261167	1
7nluwc	0	1129459	1
a76iwi	0	14610330	1
8byinp	0	495086	1
az560d	0	41682914	1
jkog2v	0	963772	1
i0q093	0	674547	1
91iwm1	0	2994137	1
e242i3	0	3823662	1
fx9tvf	0	2514886	1
f4s8aj	0	2526448	1
ayvkxq	0	26330735	1
bk93uo	0	2988291	1
81xgd5	0	14488978	1
abbdtx	0	2204834	1
bzhx5x	0	871691	1
a2qoqg	0	822863	1
fjqufr	0	13445187	1
fipk1l	0	14279946	1
alyn1s	0	323287	1
5vj0kh	0	2319900	1
gf25o4	0	1282066	1
9u1qkg	0	40072985	1
e6hn9z	0	2210227	1
60h6c2	0	687712	1
g7ffkg	0	170579	1
ik710x	0	15285765	1
a93ikz	0	1103107	1
8cw0zl	0	3075795	1
clylmd	0	17495	1
a8df75	0	44916095	1
8fo20k	0	1504838	1
brybjl	0	14435417	1
fcj6o8	0	3211635	1
d80jsi	0	2955974	1
fm2q32	0	244447	1
f5seak	0	10545553	1
bk37nb	0	3004655	1
ebplsq	0	1640028	1
h141xh	0	1041217	1
jua9u7	0	6717445	1
8oxaue	0	386284	1
aozz79	0	21515068	1
hdqmkc	0	154339	1
jrypzx	0	1216977	1
foad83	0	22008332	1
8yhqtl	0	15535101	1
e6drpa	0	48533	1
fnby8m	0	520878	1
auhkrh	0	164744	1
ahfns0	0	8887	1
9ldp0u	0	1137531	1
ae0awk	0	28255606	1
khv87k	0	90408	1
fyhkro	0	53208003	1
ai42ht	0	3017563	1
fjembn	0	5054758	1
grmbfq	0	26038356	1
8cqi3u	0	1494234	1
fapk9b	0	17894351	1
da5v4j	0	1737763	1
g7zokq	0	1282657	1
jo7a1k	0	1069607	1
6vsbxn	0	176732	1
ghrvxj	0	1059917	1
6fe2lf	0	1327353	1
dkomrc	0	244447	1
7otnhf	0	1396530	1
a7uff0	0	1065861	1
benv3i	0	2158029	1
fv93kj	0	550961	1
74zaey	0	57688	1
doc49c	0	220738	1
ge4p4y	0	42308587	1
g7zxhn	0	576785	1
h8axc3	0	15185747	1
f2bf6q	0	2723569	1
9ymlxm	0	3258349	1
ip5qc6	0	3231932	1
jxdyg4	0	20938637	1
gha747	0	15185764	1
ffqy1y	0	342978	1
kekpka	0	1744980	1
98kf1f	0	78883	1
b2r7mg	0	454528	1
fgldp9	0	1219427	1
cdir35	0	484981	1
cdtc7i	0	27446	1
fozz3n	0	396815	1
e575zz	0	2052472	1
gdpc59	0	26137693	1
f2k1g3	0	943435	1
apdwq9	0	1074549	1
98ple5	0	698788	1
ijvovh	0	465995	1
dkvcsm	0	15455900	1
702dwe	0	6898891	1
6godm7	0	13380643	1
hfah0p	0	47246816	1
a6n3bv	0	3159739	1
az9xrh	0	7208238	1
6rhx1f	0	18982971	1
aks3we	0	3024793	1
8w2au2	0	1171732	1
az0rjc	0	266613	1
fp4qy0	0	1877285	1
ai5rs9	0	2526865	1
64zy9q	0	19194551	1
ds89av	0	19024685	1
cjgvmc	0	1170951	1
93scpv	0	484786	1
6odgr5	0	891912	1
i7wilm	0	13251744	1
7djay2	0	15964994	1
96ex5k	0	1337709	1
cplp9k	0	2962085	1
8ep0gt	0	244177	1
89w717	0	2127903	1
d51ks0	0	6448545	1
fvo19h	0	7352929	1
fiu897	0	1417393	1
bbtxz6	0	98283	1
ctdbrk	0	463033	1
fkggop	0	901015	1
fbi27n	0	3004262	1
iod3p6	0	2596626	1
960d27	0	4902269	1
a68wg0	0	135197	1
8dld7g	0	2927218	1
alyebf	0	48277368	1
icms16	0	3035993	1
epltop	0	6638520	1
a7j8gm	0	10551409	1
id18a7	0	1862679	1
aghzpx	0	40816611	1
f2di7h	0	941254	1
i2gk8e	0	611776	1
ep49u2	0	2024149	1
cobwqp	0	611133	1
jcnj3q	0	2270751	1
6tjzxk	0	24286314	1
fxbsn1	0	1477070	1
77brco	0	47625	1
apm7q2	0	2453747	1
fa02p7	0	1926919	1
iwlukw	0	635311	1
8pt6er	0	969393	1
fafga2	0	2817307	1
97xliv	0	496540	1
fc5xvz	0	15333458	1
ehjnlg	0	190982	1
fj98uz	0	5345394	1
bkg66d	0	96154	1
gikmll	0	295619	1
7ev6r1	0	2092	1
6m748j	0	123360	1
7j0ezz	0	978328	1
85i42y	0	23694714	1
ezeakq	0	414659	1
6q39z5	0	46800414	1
a90w7v	0	793897	1
6vwzeh	0	3667099	1
k10212	0	1408687	1
fyqesd	0	1789990	1
ijqkbl	0	24500875	1
ghrtd9	0	1139031	1
eolyvd	0	3338789	1
7zh9vm	0	2285721	1
7nc2io	0	3365	1
bs2cv6	0	2079400	1
bce61l	0	849266	1
7lw19l	0	50267921	1
725q8e	0	19034561	1
i9plsx	0	302564	1
b5n36k	0	878056	1
a89301	0	3205875	1
ccm0v4	0	6573249	1
fxjli5	0	2967803	1
c5m2g2	0	545379	1
iq8qe0	0	292524	1
7vc7kj	0	1546316	1
8gic8u	0	618882	1
e52o4s	0	6032	1
9o73cz	0	4001234	1
fmquv6	0	12409139	1
bm57wt	0	632674	1
ea4wyy	0	636902	1
foq29v	0	2724936	1
79u8ov	0	437456	1
fiivv3	0	997388	1
becmrf	0	118483	1
b0unrn	0	3214275	1
jfkwtr	0	15093605	1
g41558	0	2299453	1
7ccxeg	0	496151	1
9mk1wf	0	2785303	1
6yvfwn	0	6560290	1
abnhph	0	1346253	1
fnddap	0	499403	1
jld078	0	302974	1
djx3l2	0	1603405	1
buk7p5	0	6790315	1
e3onb7	0	1330021	1
jj2pz7	0	56112305	1
j9qzkf	0	5774191	1
kd3w3s	0	25328943	1
b6z0xy	0	19034561	1
c696pp	0	7086752	1
9de6yd	0	14610892	1
8e6uah	0	117258	1
il59zu	0	937992	1
8lbe8s	0	724950	1
e4slqa	0	265420	1
fllj21	0	19095398	1
7g6h9x	0	452394	1
9mvjf2	0	558796	1
aqjaal	0	12679817	1
8glqrf	0	3805	1
hq6k0o	0	13866860	1
feqn4c	0	15719446	1
knia3y	0	11174487	1
78amnz	0	3017816	1
6jkxz6	0	484412	1
j8sr03	0	532472	1
9ouq5e	0	619293	1
exmvjg	0	2118	1
ayz8t8	0	352039	1
fxcb19	0	6559316	1
iducc4	0	7134814	1
5mezf7	0	3264295	1
ghrt0f	0	2351400	1
cu1gem	0	347428	1
cvrqkk	0	49744435	1
gg8fuz	0	1641139	1
741pm4	0	467825	1
f0qt92	0	18714242	1
g1qc85	0	6470045	1
arkdbb	0	749793	1
g8lgqs	0	21385514	1
hodxjf	0	60131402	1
chv4fa	0	6188289	1
ew87k1	0	3163771	1
b7v6g5	0	6113868	1
fot00m	0	132987	1
g0932i	0	6608018	1
a5nko7	0	822151	1
bh36qe	0	10780344	1
9bxb2v	0	1352201	1
g2u8aj	0	939584	1
g9kohl	0	41367441	1
7d1epz	0	50108451	1
fl37om	0	968062	1
jww5oq	0	1565367	1
au8wqt	0	21361300	1
jx41a6	0	1907094	1
bhflam	0	748381	1
dkylek	0	45060066	1
6tl9qu	0	5093171	1
dy6cst	0	2453747	1
blevy2	0	281606	1
gdn4ss	0	573687	1
dqkn21	0	3166179	1
8bekn5	0	804727	1
7oue6l	0	15298060	1
cr8sxv	0	50329713	1
9a2s84	0	62580	1
h7fedk	0	25174	1
d3wgbm	0	1787093	1
k13q25	0	1170737	1
iazjjv	0	364920	1
drvwko	0	1703988	1
dqufmq	0	12907434	1
is7elf	0	24287	1
fy5rt1	0	2784815	1
68ux89	0	3371111	1
9pcpst	0	4902269	1
axu61o	0	2892455	1
8hgnmi	0	866597	1
bq0dsl	0	517810	1
fjemh9	0	1100915	1
9dtlkg	0	213788	1
g5rwcw	0	25432863	1
jy4lz7	0	2155900	1
ff89q5	0	84392	1
bszshh	0	579484	1
bvs5oj	0	511039	1
b36mz9	0	1181088	1
i9hkph	0	3010041	1
9rws5g	0	2481802	1
fy3qs3	0	2280279	1
djj2l6	0	63136	1
da10u7	0	14465399	1
c1gi41	0	893129	1
a1ybut	0	348499	1
b0w9su	0	18713241	1
6lrxdn	0	1937310	1
bo5ftn	0	1237212	1
b0547w	0	22242687	1
a83yio	0	695250	1
dgpvcp	0	19152439	1
e5ughb	0	6288490	1
av619g	0	156681	1
g40xs2	0	1164024	1
gno2be	0	971089	1
kfft4f	0	21918734	1
ebgdh2	0	170350	1
d58i71	0	900984	1
ce7zz4	0	2756886	1
apnqpk	0	386284	1
epuotr	0	1237170	1
ig0o8q	0	2579302	1
97a4ts	0	1036056	1
c383xp	0	50568794	1
baha1x	0	7140851	1
b0ez2k	0	28133933	1
e825p6	0	41556552	1
cfeu2j	0	4180799	1
c3mrjt	0	3996055	1
9uu97z	0	4902269	1
anys62	0	2551062	1
jrrkxm	0	378317	1
jmzbkv	0	515657	1
ehi73q	0	385620	1
f97fql	0	1902035	1
gwm5ep	0	170470	1
if7tsm	0	1042517	1
faz57o	0	1130920	1
e458ls	0	19158802	1
hab67t	0	3536288	1
iappup	0	1385132	1
eowxjw	0	2202833	1
ewy8u1	0	26085227	1
fblsxg	0	24974	1
h8jeo7	0	2919537	1
dn796m	0	3164646	1
fsmcxz	0	3294324	1
do4hcz	0	6463101	1
k5mv44	0	1734315	1
jkg2pk	0	2530211	1
dkpxd5	0	3026511	1
bqi1ew	0	5183081	1
71zs41	0	50248985	1
dbfiku	0	49190495	1
bfs277	0	800492	1
g178ct	0	25974633	1
aq11lt	0	4544425	1
igtfxv	0	2938822	1
go7rfi	0	1310851	1
6sbywg	0	2919537	1
7m4qqy	0	2952174	1
d37tuu	0	9694809	1
bxn3hm	0	2429644	1
bwwtwl	0	2656988	1
bh885g	0	1788275	1
epvs35	0	2366691	1
gf2ye6	0	2118	1
f8wmki	0	2527823	1
dilsxr	0	195776	1
a2wpue	0	1128381	1
kfyzum	0	133088	1
968oco	0	144998	1
9d0br0	0	1231594	1
cdc1fr	0	6383049	1
ee2n6e	0	1688600	1
brjc03	0	40690062	1
bihslq	0	2019821	1
k8881y	0	22008332	1
9v7kfw	0	496151	1
fpmhk1	0	867594	1
i1sfvf	0	6577216	1
i13huu	0	293244	1
hmf7ld	0	2688689	1
gnamft	0	2686569	1
an6xiv	0	3211551	1
7wg79j	0	2326427	1
ezlaqp	0	4200504	1
6k8gq9	0	881499	1
ayvfwg	0	10682414	1
7750se	0	12873035	1
7vgnzz	0	809093	1
dhkz9k	0	51200063	1
bp2qca	0	18534001	1
gd4jui	0	2122041	1
jbf3x7	0	1060865	1
k89gyr	0	596849	1
csmpin	0	52153674	1
d7j3n1	0	46022950	1
e2aeog	0	25661	1
gek8cd	0	838999	1
e7gwe1	0	1347218	1
a47x2e	0	278527	1
fpj3wb	0	25331231	1
a1k0dm	0	110297	1
ge2qcm	0	657890	1
ef7wt7	0	7148944	1
f6xugh	0	14466533	1
fosqr7	0	26206	1
jnemmr	0	882709	1
dfa7a0	0	978413	1
6hj37k	0	948387	1
faeo4x	0	688537	1
diwm3y	0	109753	1
g7557q	0	48277368	1
bbvyhe	0	2118671	1
bz6q7o	0	4574034	1
i3a4ll	0	2470757	1
7w1hde	0	20352	1
gpdve7	0	368224	1
fp2i72	0	1163669	1
dgair3	0	358453	1
fag4xl	0	15846509	1
dobvei	0	353140	1
gnic95	0	3877968	1
bttnf6	0	127222	1
a0m2ls	0	1074472	1
c08joc	0	18328113	1
ctm8q5	0	61616513	1
ceiaed	0	1214654	1
acm6sn	0	16153971	1
b33pa8	0	220738	1
ao1bxr	0	1177628	1
8doowc	0	1851650	1
b05jdv	0	1679326	1
kmagmr	0	24076919	1
def05s	0	3043354	1
d7jxbg	0	395955	1
i1o9vg	0	14467745	1
iy8pfj	0	865165	1
di9r2b	0	26653661	1
cmdyey	0	9694809	1
fuepkd	0	489000	1
7eswah	0	198175	1
clwozc	0	890342	1
aap1hy	0	773801	1
fg9gd4	0	18983909	1
f5uunh	0	5882758	1
f2z1gb	0	1651904	1
bzp50t	0	2784815	1
cj4cce	0	439849	1
gdg99q	0	14425313	1
ggx2ub	0	3199878	1
hlp89e	0	15964994	1
bq99br	0	1741481	1
7oq95c	0	52108863	1
kcb3lk	0	999292	1
ihgxrz	0	25441805	1
bkssu3	0	6293210	1
fg71j1	0	192231	1
eljy1n	0	3389821	1
b0ebs0	0	18000506	1
az04jr	0	950299	1
judhb3	0	2721510	1
9q1fo0	0	489077	1
8kggo6	0	943435	1
6zo3im	0	1193402	1
doki14	0	1954480	1
9nyguh	0	19075987	1
9esdt9	0	7159099	1
he6xph	0	527659	1
7xl19q	0	164744	1
cgut8b	0	506526	1
jnhzvf	0	235647	1
go4nzm	0	692126	1
eap54y	0	2630139	1
giru3d	0	3234179	1
af0xph	0	513903	1
6tk7tw	0	1017957	1
dw5ovz	0	524065	1
g6p6mn	0	5935713	1
bod6a7	0	1966728	1
bnhguo	0	1362076	1
8aao38	0	2991394	1
8pebwn	0	1945168	1
fatdgo	0	17368580	1
fuph50	0	795880	1
egnshe	0	1899476	1
g4lue6	0	18174922	1
6k64po	0	1171314	1
jm7tu2	0	26110672	1
diejaf	0	4901046	1
ap0lhm	0	3001136	1
guquwr	0	35116	1
jwduhj	0	1477194	1
hnkwjf	0	1121251	1
c4v87a	0	283023	1
fe1w1p	0	842981	1
czb5sd	0	45786162	1
fu1sn4	0	7203191	1
b0vhgr	0	3014657	1
81tk02	0	39843	1
buky2r	0	15830154	1
9q75u4	0	1215921	1
gh31au	0	535113	1
enucae	0	1598407	1
ar6zkb	0	19179750	1
b67gdq	0	1229041	1
jwekqh	0	1301795	1
jyqbgm	0	3047309	1
azrrv4	0	6158662	1
